4.500000000000000000e+01 3.400000000000000000e+01 2.830000000000000000e+02 3.250000000000000000e+02 2.400000000000000000e+01 4.380000000000000000e+02 2.100000000000000000e+01 2.000000000000000000e+01 6.500000000000000000e+01 5.600000000000000000e+01 3.400000000000000000e+01 5.600000000000000000e+01 4.300000000000000000e+01 1.310000000000000000e+02 2.200000000000000000e+01
1.900000000000000000e+01 2.800000000000000000e+01 4.323000000000000000e+03 2.300000000000000000e+01 8.700000000000000000e+01 9.870000000000000000e+02 4.530000000000000000e+02 3.400000000000000000e+01 2.400000000000000000e+01 6.500000000000000000e+01 5.400000000000000000e+01 1.000000000000000000e+02 1.230000000000000000e+02 5.600000000000000000e+01 4.700000000000000000e+01
7.200000000000000000e+01 3.200000000000000000e+01 3.200000000000000000e+01 3.200000000000000000e+01 2.300000000000000000e+01 3.200000000000000000e+01 3.200000000000000000e+01 2.300000000000000000e+01 4.300000000000000000e+01 4.300000000000000000e+01 4.300000000000000000e+01 2.100000000000000000e+01 4.300000000000000000e+01 3.550000000000000000e+02 6.400000000000000000e+01
2.030000000000000000e+02 7.500000000000000000e+01 3.230000000000000000e+02 3.220000000000000000e+02 2.300000000000000000e+01 2.300000000000000000e+01 4.300000000000000000e+01 4.600000000000000000e+01 2.400000000000000000e+01 6.500000000000000000e+01 6.500000000000000000e+01 4.500000000000000000e+01 4.200000000000000000e+01 3.340000000000000000e+02 5.600000000000000000e+01
4.050000000000000000e+02 8.700000000000000000e+01 2.300000000000000000e+01 3.210000000000000000e+02 3.500000000000000000e+01 3.200000000000000000e+01 4.200000000000000000e+01 3.400000000000000000e+01 1.300000000000000000e+01 1.200000000000000000e+01 3.400000000000000000e+01 6.700000000000000000e+01 2.400000000000000000e+01 4.350000000000000000e+02 6.700000000000000000e+01
3.040000000000000000e+02 3.500000000000000000e+01 2.330000000000000000e+02 2.300000000000000000e+01 3.300000000000000000e+01 1.320000000000000000e+02 4.500000000000000000e+01 6.400000000000000000e+01 4.200000000000000000e+01 6.400000000000000000e+01 4.400000000000000000e+01 2.300000000000000000e+01 2.400000000000000000e+01 5.330000000000000000e+02 2.300000000000000000e+01
4.600000000000000000e+01 4.700000000000000000e+01 2.320000000000000000e+02 2.332000000000000000e+03 3.500000000000000000e+01 2.300000000000000000e+01 3.500000000000000000e+01 3.400000000000000000e+01 2.300000000000000000e+01 9.000000000000000000e+01 4.500000000000000000e+01 4.700000000000000000e+01 3.500000000000000000e+01 4.540000000000000000e+02 6.450000000000000000e+02
4.200000000000000000e+01 8.200000000000000000e+01 3.220000000000000000e+02 2.120000000000000000e+02 2.200000000000000000e+01 4.300000000000000000e+01 3.500000000000000000e+01 3.400000000000000000e+01 5.300000000000000000e+01 5.400000000000000000e+01 4.300000000000000000e+01 6.400000000000000000e+01 4.300000000000000000e+01 4.520000000000000000e+02 6.750000000000000000e+02
3.500000000000000000e+02 4.700000000000000000e+01 4.300000000000000000e+01 3.420000000000000000e+02 5.500000000000000000e+01 3.300000000000000000e+01 4.300000000000000000e+01 8.400000000000000000e+01 5.300000000000000000e+01 6.200000000000000000e+01 7.400000000000000000e+01 3.700000000000000000e+01 2.440000000000000000e+02 6.350000000000000000e+02 5.700000000000000000e+01
4.500000000000000000e+01 4.300000000000000000e+01 2.100000000000000000e+01 4.230000000000000000e+02 4.500000000000000000e+01 3.200000000000000000e+01 5.460000000000000000e+02 5.400000000000000000e+01 3.200000000000000000e+01 7.600000000000000000e+01 6.500000000000000000e+01 4.500000000000000000e+01 6.500000000000000000e+01 3.340000000000000000e+02 4.500000000000000000e+01
4.460000000000000000e+02 4.740000000000000000e+02 4.340000000000000000e+02 2.430000000000000000e+02 3.350000000000000000e+02 4.340000000000000000e+02 3.400000000000000000e+01 3.430000000000000000e+02 2.330000000000000000e+02 9.200000000000000000e+02 4.250000000000000000e+02 4.720000000000000000e+02 3.600000000000000000e+01 4.545000000000000000e+03 6.455000000000000000e+03
1.420000000000000000e+02 1.820000000000000000e+02 2.130000000000000000e+02 2.430000000000000000e+02 3.220000000000000000e+02 3.240000000000000000e+02 3.350000000000000000e+02 3.430000000000000000e+02 3.530000000000000000e+02 3.540000000000000000e+02 4.330000000000000000e+02 4.640000000000000000e+02 5.430000000000000000e+02 4.523000000000000000e+03 6.347500000000000000e+04
